Лабораторна робота № 6. Функції apply, lapply, sapply, split.
В лабораторній роботі необхідно виконати наступні дії:
1. Створити матрицю mat з 5 стовпцями та 10 строками за допомогою
matrix з випадковими даними (функція rnorm(50)).


```R

> mat <- matrix(rnorm(50), 10, 5)             ##creating a matrix 10x5 with random values
> mat
[,1]         [,2]        [,3]       [,4]       [,5]
[1,]  0.2831819  1.801596299 -0.37550237 -0.3786640  0.4287535
[2,]  0.2804897  0.003700836 -0.93839685 -1.1507856  0.2315134
[3,]  0.3138859  0.232416253  2.04695486  0.2148677 -2.8368596
[4,] -1.7424496  0.284529369  1.43277452  0.4593010 -0.3901650
[5,]  0.6066922  0.714597114  0.79350674 -2.9566409 -0.2936540
[6,]  1.0449431  0.144084759 -1.41348341  0.8980745 -1.1570420
[7,] -0.2916040 -0.197911505  1.77608714 -0.1043530 -1.3923266
[8,] -0.6837824 -1.262069504  1.04360925 -2.4486169 -0.3003566
[9,]  1.4339350 -1.838777418  0.05899397 -0.3525986  0.3896259
[10,] -0.2363043  1.510695986  1.34785132 -0.5060945 -0.5156679

```

2. Знайти максимальне значення в кожному стовпці.


```R

> apply(mat, 2, max)      ##finding max values in all columns of matrix
[1] 1.4339350 1.8015963 2.0469549 0.8980745 0.4287535

```

3. Знайти середнє (mean) значення кожного стовпця.


```R

> apply(mat, 2, mean)     ##finding mean values in all columns of matrix
[1]  0.1008987  0.1392862  0.5772395 -0.6325510 -0.5836179

```

4. Знайти мінімальне значення в кожному рядку.


```R

> apply(mat, 1, min)      ##finding min values in all rows of matrix
[1] -0.3786640 -1.1507856 -2.8368596 -1.7424496 -2.9566409 -1.4134834 -1.3923266
[8] -2.4486169 -1.8387774 -0.5156679

```

5. Відсортувати кожен стовбець таблиці.


```R

> apply(mat, 2, sort, decreasing=TRUE)    ##sorting values in each column of matrix mat by descending
          [,1]         [,2]        [,3]       [,4]       [,5]
[1,]  1.4339350  1.801596299  2.04695486  0.8980745  0.4287535
[2,]  1.0449431  1.510695986  1.77608714  0.4593010  0.3896259
[3,]  0.6066922  0.714597114  1.43277452  0.2148677  0.2315134
[4,]  0.3138859  0.284529369  1.34785132 -0.1043530 -0.2936540
[5,]  0.2831819  0.232416253  1.04360925 -0.3525986 -0.3003566
[6,]  0.2804897  0.144084759  0.79350674 -0.3786640 -0.3901650
[7,] -0.2363043  0.003700836  0.05899397 -0.5060945 -0.5156679
[8,] -0.2916040 -0.197911505 -0.37550237 -1.1507856 -1.1570420
[9,] -0.6837824 -1.262069504 -0.93839685 -2.4486169 -1.3923266
[10,] -1.7424496 -1.838777418 -1.41348341 -2.9566409 -2.8368596

> apply(mat, 2, sort, decreasing=FALSE)   ##sorting values in each column of matrix mat by ascending
          [,1]         [,2]        [,3]       [,4]       [,5]
[1,] -1.7424496 -1.838777418 -1.41348341 -2.9566409 -2.8368596
[2,] -0.6837824 -1.262069504 -0.93839685 -2.4486169 -1.3923266
[3,] -0.2916040 -0.197911505 -0.37550237 -1.1507856 -1.1570420
[4,] -0.2363043  0.003700836  0.05899397 -0.5060945 -0.5156679
[5,]  0.2804897  0.144084759  0.79350674 -0.3786640 -0.3901650
[6,]  0.2831819  0.232416253  1.04360925 -0.3525986 -0.3003566
[7,]  0.3138859  0.284529369  1.34785132 -0.1043530 -0.2936540
[8,]  0.6066922  0.714597114  1.43277452  0.2148677  0.2315134
[9,]  1.0449431  1.510695986  1.77608714  0.4593010  0.3896259
[10,]  1.4339350  1.801596299  2.04695486  0.8980745  0.4287535

```

6. Знайти кількість значень < 0 для кожного стовпця. Використати свою
функцію.


```R

> apply(mat,2,function(x) sum(x<0))           ##finding number of values<0 in each column of matrix
[1] 4 3 3 7 7

```

7. Вивести вектор з булевими значеннями TRUE та FALSE. TRUE, якщо в
стовпці є елементи >2, FALSE – якщо немає.


```R

> apply(mat,2,function(x) sum(x>2)>0)          ##returning a vector of Boolean values where TRUE-when column includes values > 2 and FALSE- when column doesn't include values > 2
[1] FALSE FALSE  TRUE FALSE FALSE


```

8. Створить список list1 <- list(observationA = c(1:5, 7:3), observationB =
matrix(1:6, nrow=2)). Для цього списку знайдіть sum за допомогою lapply.


```R

> list1 <- list(observationA = c(1:5, 7:3), observationB = matrix(1:6, nrow=2))
> list1
$observationA
[1] 1 2 3 4 5 7 6 5 4 3

$observationB
[,1] [,2] [,3]
[1,]    1    3    5
[2,]    2    4    6

> lapply(list1, sum)        ##printing the sum of each elements of list1
$observationA
[1] 40

$observationB
[1] 21
```

9. Для кожного елементу списку list1 знайдіть максимальне та мінімальне
значення (range) за допомогою lapply та sapply.


```R

> lapply(list1, range)          ##finding a range in each element of list1 with lapply
$observationA
[1] 1 7

$observationB
[1] 1 6

> sapply(list1, range)          ##finding a range in each element of list1 with sapply
observationA observationB
[1,]            1            1
[2,]            7            6

```

10.Для вбудованого набору даних InsectSprays знайти середнє count для
кожного spray.


```R

> spray_groups<-split(InsectSprays[ , "count"], InsectSprays[ , "spray"])     ##splitting "InsectSprays" into groups by "spray"

> spray_groups
$A
 [1] 10  7 20 14 14 12 10 23 17 20 14 13

$B
 [1] 11 17 21 11 16 14 17 17 19 21  7 13

$C
 [1] 0 1 7 2 3 1 2 1 3 0 1 4

$D
 [1]  3  5 12  6  4  3  5  5  5  5  2  4

$E
 [1] 3 5 3 5 3 6 1 1 3 2 6 4

$F
 [1] 11  9 15 22 15 16 13 10 26 26 24 13
 
> lapply(spray_groups, mean)                ##calculating mean by "spray" groups
$A
[1] 14.5

$B
[1] 15.33333

$C
[1] 2.083333

$D
[1] 4.916667

$E
[1] 3.5

$F
[1] 16.66667 
 

```

